# Created by Octave 3.8.1, Wed Jan 06 12:17:41 2016 BRT <paulo@paulo-Dell-System-XPS-L502X>
# name: X
# type: matrix
# rows: 1201
# columns: 1
 1.2
 1.0864130497747
 0.9836931787389985
 0.8908062457339173
 0.8068165208208345
 0.7308773202237393
 0.6622225324737961
 0.6001589509471769
 0.5440593360577631
 0.4933561376689363
 0.4475358148963564
 0.4061336964525106
 0.3687293300937241
 0.3349422746254205
 0.3044282923506835
 0.2768759038549326
 0.2520032706459031
 0.2295553744494004
 0.2723483000785179
 0.3498175540422987
 0.4475625039735462
 0.5442368258224559
 0.6272459255981393
 0.6928841171440764
 0.7416636965647605
 0.7754902041697268
 0.7965314464842352
 0.8068389023802635
 0.8082433794309841
 0.8023424692404727
 0.7905163335515796
 0.7739506114309297
 0.7536596084460788
 0.7305077242801501
 0.7052286501629013
 0.69044168710739
 0.6917470244833183
 0.7114544134994526
 0.747466660860834
 0.7950929357795689
 0.8488697693171866
 0.9039013702045645
 0.9567898200595993
 1.00583246065345
 1.050567424544113
 1.09112038194622
 1.127695940878005
 1.160315428877043
 1.188764771533258
 1.212672263887647
 1.231635176346007
 1.245333814556423
 1.255483832315019
 1.264832787111694
 1.276177066200097
 1.291049088870882
 1.308593204760246
 1.324927450320359
 1.333914905446068
 1.329829923022757
 1.310039957304819
 1.275443140695999
 1.229083999329446
 1.174635737954486
 1.115515955859065
 1.054549234394008
 0.9939196950799839
 0.9352455078515772
 0.8796941353864279
 0.8277719030222835
 0.7793629651591016
 0.7339012571551338
 0.6907151468297767
 0.6494309880955386
 0.6102411688134479
 0.5739065624584783
 0.541601155949492
 0.5148581016672071
 0.495745271868684
 0.487179354641998
 0.4930633288379351
 0.517582931754405
 0.5629528897160184
 0.6265087384820482
 0.7004425606774445
 0.7754143600041854
 0.8443595899586581
 0.9034893032331793
 0.9514300905452656
 0.9881453476984857
 1.014262328270356
 1.03077357842989
 1.038927981122059
 1.040186568513177
 1.036216874022017
 1.028946589510646
 1.02068587010562
 1.014270298022351
 1.01305436190756
 1.020453028547748
 1.038868922927044
 1.068354644439598
 1.105634462497206
 1.144276455575948
 1.176971970676994
 1.198941631030541
 1.209474583022075
 1.210860788709894
 1.206562703283904
 1.199966072070306
 1.193809017366944
 1.189973839498492
 1.189404324250005
 1.192060693202363
 1.196911261545481
 1.201962273727325
 1.204288300451826
 1.200130483630369
 1.185566667959345
 1.158362607931957
 1.119872989045313
 1.074471517174246
 1.027078962805848
 0.9814964843026911
 0.9400935023005417
 0.9040211056939512
 0.8734567597743064
 0.8478149541408738
 0.8259860549137162
 0.8066399765885467
 0.7885702496511094
 0.7710135052411136
 0.7538869387694134
 0.7379486093890858
 0.7249528189802074
 0.7178194368701386
 0.7205463488969672
 0.7372450341367009
 0.7700377466479283
 0.81711572674729
 0.8731469126286405
 0.9319219715879515
 0.9886855680825039
 1.040765498361171
 1.087090851732426
 1.127488615385444
 1.162160191190075
 1.191398329913625
 1.215494412113699
 1.234773419687667
 1.249706465191407
 1.261069215370105
 1.270120454436858
 1.278723828734321
 1.289206284870283
 1.303659969273594
 1.322603641682666
 1.343527639211278
 1.360612692442518
 1.36690067267132
 1.357873142864342
 1.333196915352907
 1.295636777977678
 1.249078447299877
 1.197214909295704
 1.143039617616773
 1.088781854120126
 1.035993575759716
 0.9856449527192509
 0.9381742466154263
 0.893494938020838
 0.8510335816260058
 0.8099376115781761
 0.7695266502779343
 0.7297914522205099
 0.6915646719518637
 0.6562803302918735
 0.6256834650421174
 0.6018058750255619
 0.5871638548805921
 0.5849037481848184
 0.5984765841283697
 0.6303991873295521
 0.6803085653531373
 0.7438684786911859
 0.8140565006376334
 0.883880871545015
 0.9482416506042443
 1.004192441952799
 1.05035930857734
 1.086329881728942
 1.112321283568191
 1.129058774954154
 1.137703791103521
 1.13977609908072
 1.137110484291839
 1.131881103419051
 1.126667742811249
 1.124459156145481
 1.128407333692719
 1.141170067802309
 1.163898365055743
 1.195131017951765
 1.230052220077622
 1.261255469071242
 1.28185134307287
 1.288769088983823
 1.28321719744694
 1.268806545417769
 1.249621818605857
 1.229200485463618
 1.210192829706771
 1.194289534309093
 1.182183044608318
 1.173502257775069
 1.166762305092012
 1.159414666845856
 1.14811816721922
 1.12945843375477
 1.101321514798002
 1.064327449128212
 1.0217980129936
 0.9780816761899727
 0.9370095652519488
 0.9014013887091505
 0.8731254609347818
 0.8531791018907389
 0.8416761576105589
 0.8378602989581605
 0.8402820700919003
 0.8471702808594765
 0.8569153227210567
 0.8685512396257141
 0.8821530543465463
 0.8990711200610911
 0.9218070719696845
 0.9530852504130753
 0.9938843247678347
 1.04178338351051
 1.091831223645806
 1.139255931242167
 1.18126107988169
 1.217110474817886
 1.247420494336936
 1.273423699889747
 1.296438971297904
 1.317559050680242
 1.337524768074123
 1.356745606450097
 1.375410591170286
 1.393618384812352
 1.411436835795247
 1.428745384423828
 1.444624196814301
 1.456279781221175
 1.458696746317866
 1.446915665529316
 1.419447149550286
 1.378726799400072
 1.328865846839798
 1.273683361359075
 1.215998537605325
 1.157670889777868
 1.099866579037214
 1.043316234222044
 0.9884951127069328
 0.9357245144414872
 0.8852191195782034
 0.8371126547454455
 0.7914969565348985
 0.748511416631255
 0.7084963461070458
 0.6721479701421136
 0.6405895898649853
 0.6154157323723144
 0.5988316331364971
 0.5938255295411615
 0.6040492297365827
 0.6328782677608793
 0.6813828837247365
 0.746284678439602
 0.8201819175959919
 0.8944787049061155
 0.9624100151944279
 1.02011204119987
 1.066129737791354
 1.100508180718957
 1.124080499617548
 1.138065226488081
 1.143896170129316
 1.143180043175077
 1.137718587269731
 1.129581547625996
 1.121218242671311
 1.115540441872538
 1.115814513631512
 1.12514876714212
 1.145520979959335
 1.176599457483858
 1.214790386733999
 1.253443057083268
 1.285382455244271
 1.306400528892136
 1.316425509866498
 1.318104295341387
 1.314950147657403
 1.310217972796163
 1.306427133569593
 1.305190432110155
 1.307151200682753
 1.311976820677586
 1.31841179205725
 1.324354097222592
 1.326871723680566
 1.322248138673571
 1.306662760235019
 1.278137908765539
 1.238401502235047
 1.192066264841565
 1.144043064876502
 1.097971355901525
 1.056007202269766
 1.019082403712821
 0.9871805225249121
 0.9595866898442137
 0.9351662129863482
 0.9126883413484341
 0.8911523595169004
 0.870047494616751
 0.8495115303918905
 0.8304325759900133
 0.8145911244781778
 0.8048572787316032
 0.805164533009156
 0.8196468765569586
 0.8506416765314062
 0.8967017324284293
 0.9527498344033274
 1.01253490314824
 1.071021766050374
 1.125179272114847
 1.173602575066033
 1.215846856578499
 1.251911821706191
 1.28196149238748
 1.306233388126942
 1.32506828425339
 1.339005900703209
 1.348919440678998
 1.356174985085206
 1.362754145866998
 1.371154982771192
 1.38380088488849
 1.401852134586628
 1.423776500190038
 1.444619985777378
 1.457290280198603
 1.455898436880204
 1.438483252940125
 1.406879136518877
 1.364819119997751
 1.316258557705516
 1.264561590593366
 1.21229265514128
 1.161262960658359
 1.112625962710516
 1.066931206251704
 1.024122170430098
 0.9835481002109637
 0.9441460781790219
 0.9049135220541962
 0.8655195708466118
 0.8266292704664615
 0.7897053196732677
 0.7565963408516913
 0.7293568409901156
 0.7103679981799653
 0.7025155831765614
 0.709053996916406
 0.7327476836313872
 0.7742611786339395
 0.8308229561830285
 0.8966725824283878
 0.9651999532018187
 1.030956817920736
 1.09035369430846
 1.141351162215775
 1.182919915337492
 1.214716508815431
 1.236995640707544
 1.250577426527138
 1.256764284102807
 1.257249056473577
 1.254081000543675
 1.249692530278615
 1.246910195163333
 1.248796879192472
 1.258159766260486
 1.276702518293566
 1.30399014750809
 1.336509822850427
 1.367630403328436
 1.389756783844939
 1.398006530540257
 1.392096631178401
 1.375146063270085
 1.351448096143457
